x11 = (5.0 * 9.0 - 9.0 * 7.0) / 9.0 = -2.0
x12 = (2.0 * 9.0 - 3.0 * 7.0) / 9.0 = -0.3333333333333333
x13 = (7.0 * 9.0 - 6.0 * 7.0) / 9.0 = 2.3333333333333335
x14 = (6.0 * 9.0 - 3.0 * 7.0) / 9.0 = 3.6666666666666665
x15 = (8.0 * 9.0 - 3.0 * 7.0) / 9.0 = 5.666666666666667
x16 = (7.0 * 9.0 - 9.0 * 7.0) / 9.0 = 0.0
x17 = (9.0 * 9.0 - 6.0 * 7.0) / 9.0 = 4.333333333333333
x18 = (1.0 * 9.0 - 0.0 * 7.0) / 9.0 = 1.0
x19 = (0.0 * 9.0 - 0.0 * 7.0) / 9.0 = 0.0
x110 = (0.0 * 9.0 - 0.0 * 7.0) / 9.0 = 0.0
x111 = (0.0 * 9.0 - 1.0 * 7.0) / 9.0 = -0.7777777777777778
x112 = (215.0 * 9.0 - 260.0 * 7.0) / 9.0 = 12.777777777777779

x21 = (7.0 * 9.0 - 9.0 * 6.0) / 9.0 = 1.0
x22 = (4.0 * 9.0 - 3.0 * 6.0) / 9.0 = 2.0
x23 = (8.0 * 9.0 - 6.0 * 6.0) / 9.0 = 4.0
x24 = (5.0 * 9.0 - 3.0 * 6.0) / 9.0 = 3.0
x25 = (7.0 * 9.0 - 3.0 * 6.0) / 9.0 = 5.0
x26 = (6.0 * 9.0 - 9.0 * 6.0) / 9.0 = 0.0
x27 = (4.0 * 9.0 - 6.0 * 6.0) / 9.0 = 0.0
x28 = (0.0 * 9.0 - 0.0 * 6.0) / 9.0 = 0.0
x29 = (1.0 * 9.0 - 0.0 * 6.0) / 9.0 = 1.0
x210 = (0.0 * 9.0 - 0.0 * 6.0) / 9.0 = 0.0
x211 = (0.0 * 9.0 - 1.0 * 6.0) / 9.0 = -0.6666666666666666
x212 = (220.0 * 9.0 - 260.0 * 6.0) / 9.0 = 46.666666666666664

x31 = (3.0 * 9.0 - 9.0 * 8.0) / 9.0 = -5.0
x32 = (4.0 * 9.0 - 3.0 * 8.0) / 9.0 = 1.3333333333333333
x33 = (7.0 * 9.0 - 6.0 * 8.0) / 9.0 = 1.6666666666666667
x34 = (3.0 * 9.0 - 3.0 * 8.0) / 9.0 = 0.3333333333333333
x35 = (5.0 * 9.0 - 3.0 * 8.0) / 9.0 = 2.3333333333333335
x36 = (8.0 * 9.0 - 9.0 * 8.0) / 9.0 = 0.0
x37 = (9.0 * 9.0 - 6.0 * 8.0) / 9.0 = 3.6666666666666665
x38 = (0.0 * 9.0 - 0.0 * 8.0) / 9.0 = 0.0
x39 = (0.0 * 9.0 - 0.0 * 8.0) / 9.0 = 0.0
x310 = (1.0 * 9.0 - 0.0 * 8.0) / 9.0 = 1.0
x311 = (0.0 * 9.0 - 1.0 * 8.0) / 9.0 = -0.8888888888888888
x312 = (270.0 * 9.0 - 260.0 * 8.0) / 9.0 = 38.888888888888886

x41 = (9.0 * 9.0 - 9.0 * 9.0) / 9.0 = 0.0
x42 = (3.0 * 9.0 - 3.0 * 9.0) / 9.0 = 0.0
x43 = (6.0 * 9.0 - 6.0 * 9.0) / 9.0 = 0.0
x44 = (3.0 * 9.0 - 3.0 * 9.0) / 9.0 = 0.0
x45 = (3.0 * 9.0 - 3.0 * 9.0) / 9.0 = 0.0
x46 = (9.0 * 9.0 - 9.0 * 9.0) / 9.0 = 0.0
x47 = (6.0 * 9.0 - 6.0 * 9.0) / 9.0 = 0.0
x48 = (0.0 * 9.0 - 0.0 * 9.0) / 9.0 = 0.0
x49 = (0.0 * 9.0 - 0.0 * 9.0) / 9.0 = 0.0
x410 = (0.0 * 9.0 - 0.0 * 9.0) / 9.0 = 0.0
x411 = (1.0 * 9.0 - 1.0 * 9.0) / 9.0 = 0.0
x412 = (260.0 * 9.0 - 260.0 * 9.0) / 9.0 = 0.0

x51 = (-8.0 * 9.0 - 9.0 * -9.0) / 9.0 = 1.0
x52 = (-5.0 * 9.0 - 3.0 * -9.0) / 9.0 = -2.0
x53 = (-7.0 * 9.0 - 6.0 * -9.0) / 9.0 = -1.0
x54 = (-8.0 * 9.0 - 3.0 * -9.0) / 9.0 = -5.0
x55 = (-6.0 * 9.0 - 3.0 * -9.0) / 9.0 = -3.0
x56 = (-9.0 * 9.0 - 9.0 * -9.0) / 9.0 = 0.0
x57 = (-8.0 * 9.0 - 6.0 * -9.0) / 9.0 = -2.0
x58 = (0.0 * 9.0 - 0.0 * -9.0) / 9.0 = 0.0
x59 = (0.0 * 9.0 - 0.0 * -9.0) / 9.0 = 0.0
x510 = (0.0 * 9.0 - 0.0 * -9.0) / 9.0 = 0.0
x511 = (0.0 * 9.0 - 1.0 * -9.0) / 9.0 = 1.0
x512 = (0.0 * 9.0 - 260.0 * -9.0) / 9.0 = 260.0

